291 203
292 203
293 203
294 203
295 203
290 204
291 204
295 204
296 204
288 205
289 205
290 205
296 205
297 205
286 206
287 206
288 206
297 206
298 206
284 207
285 207
286 207
298 207
299 207
283 208
284 208
299 208
300 208
282 209
283 209
300 209
301 209
281 210
282 210
301 210
302 210
280 211
281 211
302 211
303 211
279 212
280 212
303 212
304 212
278 213
279 213
304 213
305 213
277 214
278 214
305 214
306 214
276 215
277 215
306 215
307 215
275 216
276 216
307 216
308 216
274 217
275 217
308 217
309 217
273 218
274 218
309 218
310 218
272 219
273 219
310 219
311 219
271 220
272 220
311 220
312 220
270 221
271 221
312 221
313 221
269 222
270 222
313 222
314 222
268 223
269 223
314 223
315 223
220 224
221 224
222 224
223 224
224 224
225 224
267 224
268 224
315 224
316 224
219 225
220 225
225 225
226 225
266 225
267 225
316 225
317 225
218 226
219 226
226 226
227 226
265 226
266 226
317 226
318 226
217 227
218 227
227 227
228 227
264 227
265 227
318 227
319 227
216 228
217 228
228 228
229 228
263 228
264 228
319 228
320 228
215 229
216 229
229 229
230 229
262 229
263 229
320 229
321 229
214 230
215 230
230 230
231 230
261 230
262 230
321 230
322 230
213 231
214 231
231 231
232 231
260 231
261 231
322 231
323 231
212 232
213 232
232 232
233 232
259 232
260 232
323 232
324 232
211 233
212 233
233 233
234 233
258 233
259 233
324 233
325 233
210 234
211 234
234 234
235 234
257 234
258 234
325 234
326 234
209 235
210 235
235 235
236 235
256 235
257 235
326 235
327 235
208 236
209 236
236 236
237 236
255 236
256 236
327 236
328 236
207 237
208 237
237 237
238 237
254 237
255 237
328 237
329 237
206 238
207 238
238 238
239 238
253 238
254 238
329 238
330 238
205 239
206 239
239 239
240 239
252 239
253 239
330 239
331 239
204 240
205 240
240 240
241 240
251 240
252 240
331 240
203 241
204 241
241 241
242 241
250 241
251 241
332 241
201 242
202 242
203 242
242 242
243 242
249 242
250 242
333 242
200 243
201 243
243 243
244 243
248 243
249 243
334 243
198 244
199 244
200 244
244 244
245 244
246 244
247 244
248 244
335 244
197 245
198 245
336 245
196 246
197 246
336 246
195 247
196 247
336 247
194 248
195 248
336 248
193 249
194 249
335 249
336 249
192 250
193 250
334 250
335 250
191 251
192 251
333 251
334 251
190 252
191 252
332 252
333 252
189 253
190 253
331 253
332 253
188 254
189 254
330 254
331 254
187 255
188 255
329 255
330 255
186 256
187 256
328 256
329 256
185 257
186 257
327 257
328 257
184 258
185 258
326 258
327 258
183 259
184 259
325 259
326 259
182 260
183 260
324 260
325 260
181 261
182 261
323 261
324 261
180 262
181 262
323 262
179 263
180 263
323 263
178 264
179 264
323 264
177 265
178 265
323 265
176 266
177 266
323 266
175 267
176 267
324 267
174 268
175 268
324 268
173 269
174 269
324 269
172 270
173 270
324 270
171 271
172 271
170 272
171 272
325 272
169 273
170 273
256 273
257 273
258 273
259 273
260 273
326 273
168 274
169 274
255 274
256 274
260 274
261 274
327 274
167 275
168 275
254 275
255 275
261 275
262 275
328 275
166 276
167 276
253 276
254 276
262 276
263 276
329 276
165 277
166 277
252 277
253 277
263 277
264 277
330 277
164 278
165 278
251 278
252 278
264 278
265 278
330 278
331 278
163 279
164 279
250 279
251 279
265 279
266 279
331 279
332 279
162 280
163 280
249 280
250 280
266 280
332 280
333 280
161 281
162 281
248 281
249 281
267 281
333 281
334 281
160 282
161 282
247 282
248 282
268 282
334 282
335 282
159 283
160 283
246 283
247 283
269 283
335 283
336 283
158 284
159 284
245 284
246 284
270 284
336 284
337 284
158 285
244 285
245 285
271 285
337 285
338 285
158 286
243 286
244 286
338 286
339 286
243 287
272 287
339 287
340 287
158 288
243 288
271 288
272 288
340 288
341 288
159 289
271 289
341 289
342 289
160 290
244 290
342 290
160 291
245 291
272 291
343 291
161 292
246 292
273 292
344 292
162 293
247 293
274 293
345 293
162 294
248 294
275 294
346 294
163 295
248 295
249 295
276 295
347 295
164 296
249 296
250 296
277 296
347 296
165 297
250 297
251 297
277 297
278 297
347 297
166 298
251 298
252 298
278 298
279 298
347 298
167 299
252 299
253 299
279 299
280 299
346 299
347 299
168 300
253 300
254 300
280 300
281 300
345 300
346 300
169 301
254 301
255 301
281 301
282 301
344 301
345 301
170 302
255 302
256 302
282 302
283 302
343 302
344 302
170 303
171 303
256 303
257 303
283 303
284 303
342 303
343 303
171 304
172 304
257 304
258 304
284 304
285 304
341 304
342 304
172 305
173 305
258 305
285 305
286 305
340 305
341 305
173 306
174 306
259 306
286 306
287 306
339 306
340 306
174 307
175 307
260 307
287 307
288 307
338 307
339 307
175 308
176 308
261 308
288 308
289 308
337 308
338 308
176 309
177 309
262 309
289 309
290 309
336 309
337 309
177 310
178 310
290 310
291 310
335 310
336 310
178 311
179 311
263 311
291 311
292 311
334 311
335 311
179 312
180 312
263 312
292 312
293 312
333 312
334 312
180 313
181 313
262 313
263 313
293 313
294 313
332 313
333 313
181 314
182 314
261 314
262 314
294 314
295 314
331 314
332 314
182 315
183 315
260 315
261 315
295 315
296 315
330 315
331 315
183 316
184 316
259 316
260 316
296 316
297 316
329 316
330 316
184 317
185 317
258 317
259 317
297 317
298 317
328 317
329 317
185 318
186 318
257 318
258 318
298 318
299 318
327 318
328 318
186 319
187 319
256 319
257 319
299 319
300 319
326 319
327 319
187 320
188 320
255 320
256 320
300 320
301 320
325 320
326 320
188 321
189 321
254 321
255 321
301 321
302 321
324 321
325 321
189 322
190 322
253 322
254 322
302 322
303 322
323 322
324 322
190 323
191 323
252 323
253 323
303 323
304 323
322 323
323 323
191 324
192 324
251 324
252 324
304 324
305 324
321 324
322 324
192 325
193 325
250 325
251 325
305 325
306 325
320 325
321 325
193 326
194 326
249 326
250 326
306 326
307 326
319 326
320 326
194 327
195 327
248 327
249 327
307 327
308 327
318 327
319 327
195 328
196 328
247 328
248 328
308 328
309 328
317 328
318 328
196 329
197 329
246 329
247 329
309 329
310 329
316 329
317 329
197 330
198 330
245 330
246 330
310 330
311 330
315 330
316 330
198 331
199 331
244 331
245 331
311 331
312 331
313 331
314 331
315 331
199 332
200 332
243 332
244 332
200 333
201 333
212 333
213 333
214 333
215 333
216 333
242 333
243 333
201 334
202 334
211 334
212 334
216 334
217 334
241 334
242 334
202 335
203 335
204 335
205 335
209 335
210 335
211 335
217 335
218 335
240 335
241 335
206 336
207 336
208 336
209 336
218 336
219 336
239 336
240 336
219 337
220 337
238 337
239 337
220 338
221 338
237 338
238 338
221 339
222 339
236 339
237 339
222 340
223 340
235 340
236 340
223 341
224 341
234 341
235 341
224 342
225 342
233 342
234 342
225 343
226 343
232 343
233 343
226 344
227 344
231 344
232 344
227 345
228 345
229 345
230 345
231 345
